kp: 3.187707707505254
kd: 2.7622029135842268
ki: 0.5671687408825887
